#           k/h    P           
   0.100000E-03   0.409895E+03
   0.102020E-03   0.417887E+03
   0.104081E-03   0.426034E+03
   0.106184E-03   0.434340E+03
   0.108329E-03   0.442807E+03
   0.110517E-03   0.451440E+03
   0.112750E-03   0.460240E+03
   0.115027E-03   0.469211E+03
   0.117351E-03   0.478358E+03
   0.119722E-03   0.487682E+03
   0.122140E-03   0.497187E+03
   0.124608E-03   0.506878E+03
   0.127125E-03   0.516757E+03
   0.129693E-03   0.526828E+03
   0.132313E-03   0.537095E+03
   0.134986E-03   0.547562E+03
   0.137713E-03   0.558232E+03
   0.140495E-03   0.569110E+03
   0.143333E-03   0.580199E+03
   0.146228E-03   0.591503E+03
   0.149182E-03   0.603027E+03
   0.152196E-03   0.614776E+03
   0.155271E-03   0.626752E+03
   0.158407E-03   0.638961E+03
   0.161607E-03   0.651407E+03
   0.164872E-03   0.664094E+03
   0.168203E-03   0.677028E+03
   0.171601E-03   0.690213E+03
   0.175067E-03   0.703654E+03
   0.178604E-03   0.717355E+03
   0.182212E-03   0.731322E+03
   0.185893E-03   0.745560E+03
   0.189648E-03   0.760074E+03
   0.193479E-03   0.774870E+03
   0.197388E-03   0.789952E+03
   0.201375E-03   0.805326E+03
   0.205443E-03   0.820998E+03
   0.209594E-03   0.836973E+03
   0.213828E-03   0.853257E+03
   0.218147E-03   0.869857E+03
   0.222554E-03   0.886777E+03
   0.227050E-03   0.904025E+03
   0.231637E-03   0.921606E+03
   0.236316E-03   0.939526E+03
   0.241090E-03   0.957793E+03
   0.245960E-03   0.976413E+03
   0.250929E-03   0.995391E+03
   0.255998E-03   0.101474E+04
   0.261170E-03   0.103445E+04
   0.266446E-03   0.105455E+04
   0.271828E-03   0.107504E+04
   0.277319E-03   0.109592E+04
   0.282922E-03   0.111720E+04
   0.288637E-03   0.113889E+04
   0.294468E-03   0.116099E+04
   0.300417E-03   0.118353E+04
   0.306485E-03   0.120649E+04
   0.312677E-03   0.122990E+04
   0.318993E-03   0.125375E+04
   0.325437E-03   0.127806E+04
   0.332012E-03   0.130284E+04
   0.338719E-03   0.132809E+04
   0.345561E-03   0.135383E+04
   0.352542E-03   0.138005E+04
   0.359664E-03   0.140678E+04
   0.366930E-03   0.143402E+04
   0.374342E-03   0.146178E+04
   0.381904E-03   0.149006E+04
   0.389619E-03   0.151889E+04
   0.397490E-03   0.154826E+04
   0.405520E-03   0.157819E+04
   0.413712E-03   0.160869E+04
   0.422070E-03   0.163977E+04
   0.430596E-03   0.167143E+04
   0.439295E-03   0.170370E+04
   0.448169E-03   0.173657E+04
   0.457222E-03   0.177007E+04
   0.466459E-03   0.180420E+04
   0.475882E-03   0.183897E+04
   0.485496E-03   0.187440E+04
   0.495303E-03   0.191049E+04
   0.505309E-03   0.194726E+04
   0.515517E-03   0.198472E+04
   0.525931E-03   0.202288E+04
   0.536556E-03   0.206176E+04
   0.547395E-03   0.210136E+04
   0.558453E-03   0.214170E+04
   0.569734E-03   0.218279E+04
   0.581244E-03   0.222465E+04
   0.592986E-03   0.226728E+04
   0.604965E-03   0.231071E+04
   0.617186E-03   0.235493E+04
   0.629654E-03   0.239998E+04
   0.642374E-03   0.244586E+04
   0.655350E-03   0.249258E+04
   0.668589E-03   0.254016E+04
   0.682096E-03   0.258862E+04
   0.695875E-03   0.263796E+04
   0.709933E-03   0.268820E+04
   0.724274E-03   0.273937E+04
   0.738906E-03   0.279146E+04
   0.753832E-03   0.284451E+04
   0.769061E-03   0.289851E+04
   0.784597E-03   0.295350E+04
   0.800447E-03   0.300948E+04
   0.816617E-03   0.306646E+04
   0.833114E-03   0.312448E+04
   0.849944E-03   0.318354E+04
   0.867114E-03   0.324365E+04
   0.884631E-03   0.330484E+04
   0.902501E-03   0.336712E+04
   0.920733E-03   0.343052E+04
   0.939333E-03   0.349503E+04
   0.958309E-03   0.356069E+04
   0.977668E-03   0.362751E+04
   0.997418E-03   0.369551E+04
   0.101757E-02   0.376470E+04
   0.103812E-02   0.383510E+04
   0.105910E-02   0.390674E+04
   0.108049E-02   0.397962E+04
   0.110232E-02   0.405377E+04
   0.112459E-02   0.412921E+04
   0.114730E-02   0.420595E+04
   0.117048E-02   0.428400E+04
   0.119413E-02   0.436340E+04
   0.121825E-02   0.444416E+04
   0.124286E-02   0.452629E+04
   0.126797E-02   0.460982E+04
   0.129358E-02   0.469476E+04
   0.131971E-02   0.478113E+04
   0.134637E-02   0.486895E+04
   0.137357E-02   0.495824E+04
   0.140132E-02   0.504901E+04
   0.142963E-02   0.514129E+04
   0.145851E-02   0.523510E+04
   0.148797E-02   0.533044E+04
   0.151803E-02   0.542734E+04
   0.154870E-02   0.552582E+04
   0.157998E-02   0.562589E+04
   0.161190E-02   0.572757E+04
   0.164446E-02   0.583088E+04
   0.167768E-02   0.593583E+04
   0.171158E-02   0.604245E+04
   0.174615E-02   0.615074E+04
   0.178143E-02   0.626072E+04
   0.181741E-02   0.637241E+04
   0.185413E-02   0.648582E+04
   0.189158E-02   0.660097E+04
   0.192980E-02   0.671786E+04
   0.196878E-02   0.683652E+04
   0.200855E-02   0.695696E+04
   0.204913E-02   0.707918E+04
   0.209052E-02   0.720320E+04
   0.213276E-02   0.732904E+04
   0.217584E-02   0.745669E+04
   0.221979E-02   0.758618E+04
   0.226464E-02   0.771750E+04
   0.231039E-02   0.785067E+04
   0.235706E-02   0.798570E+04
   0.240467E-02   0.812258E+04
   0.245325E-02   0.826133E+04
   0.250281E-02   0.840196E+04
   0.255337E-02   0.854446E+04
   0.260495E-02   0.868884E+04
   0.265758E-02   0.883509E+04
   0.271126E-02   0.898323E+04
   0.276603E-02   0.913324E+04
   0.282191E-02   0.928513E+04
   0.287892E-02   0.943889E+04
   0.293708E-02   0.959453E+04
   0.299641E-02   0.975203E+04
   0.305694E-02   0.991139E+04
   0.311870E-02   0.100726E+05
   0.318170E-02   0.102356E+05
   0.324597E-02   0.104005E+05
   0.331155E-02   0.105672E+05
   0.337844E-02   0.107356E+05
   0.344669E-02   0.109059E+05
   0.351632E-02   0.110779E+05
   0.358735E-02   0.112517E+05
   0.365982E-02   0.114272E+05
   0.373376E-02   0.116045E+05
   0.380918E-02   0.117835E+05
   0.388613E-02   0.119641E+05
   0.396464E-02   0.121461E+05
   0.404473E-02   0.123294E+05
   0.412644E-02   0.125141E+05
   0.420980E-02   0.127004E+05
   0.429484E-02   0.128885E+05
   0.438160E-02   0.130785E+05
   0.447012E-02   0.132709E+05
   0.456042E-02   0.134654E+05
   0.465255E-02   0.136609E+05
   0.474653E-02   0.138563E+05
   0.484242E-02   0.140504E+05
   0.494024E-02   0.142418E+05
   0.504004E-02   0.144305E+05
   0.514186E-02   0.146179E+05
   0.524573E-02   0.148055E+05
   0.535170E-02   0.149951E+05
   0.545981E-02   0.151884E+05
   0.557011E-02   0.153862E+05
   0.568263E-02   0.155873E+05
   0.579743E-02   0.157907E+05
   0.591455E-02   0.159952E+05
   0.603403E-02   0.161994E+05
   0.615592E-02   0.164028E+05
   0.628028E-02   0.166056E+05
   0.640715E-02   0.168079E+05
   0.653658E-02   0.170098E+05
   0.666863E-02   0.172117E+05
   0.680335E-02   0.174134E+05
   0.694078E-02   0.176148E+05
   0.708100E-02   0.178158E+05
   0.722404E-02   0.180159E+05
   0.736998E-02   0.182152E+05
   0.751886E-02   0.184132E+05
   0.767075E-02   0.186101E+05
   0.782571E-02   0.188056E+05
   0.798380E-02   0.189997E+05
   0.814509E-02   0.191922E+05
   0.830963E-02   0.193829E+05
   0.847750E-02   0.195718E+05
   0.864875E-02   0.197585E+05
   0.882347E-02   0.199430E+05
   0.900171E-02   0.201251E+05
   0.918356E-02   0.203045E+05
   0.936908E-02   0.204810E+05
   0.955835E-02   0.206545E+05
   0.975144E-02   0.208248E+05
   0.994843E-02   0.209916E+05
   0.101494E-01   0.211548E+05
   0.103544E-01   0.213141E+05
   0.105636E-01   0.214693E+05
   0.107770E-01   0.216203E+05
   0.109947E-01   0.217666E+05
   0.112168E-01   0.219083E+05
   0.114434E-01   0.220449E+05
   0.116746E-01   0.221763E+05
   0.119104E-01   0.223023E+05
   0.121510E-01   0.224225E+05
   0.123965E-01   0.225369E+05
   0.126469E-01   0.226450E+05
   0.129024E-01   0.227466E+05
   0.131631E-01   0.228416E+05
   0.134290E-01   0.229296E+05
   0.137003E-01   0.230105E+05
   0.139770E-01   0.230838E+05
   0.142594E-01   0.231495E+05
   0.145474E-01   0.232072E+05
   0.148413E-01   0.232567E+05
   0.151411E-01   0.232978E+05
   0.154470E-01   0.233302E+05
   0.157590E-01   0.233536E+05
   0.160774E-01   0.233679E+05
   0.164022E-01   0.233728E+05
   0.167335E-01   0.233681E+05
   0.170716E-01   0.233537E+05
   0.174164E-01   0.233292E+05
   0.177683E-01   0.232945E+05
   0.181272E-01   0.232495E+05
   0.184934E-01   0.231940E+05
   0.188670E-01   0.231278E+05
   0.192481E-01   0.230509E+05
   0.196370E-01   0.229630E+05
   0.200337E-01   0.228642E+05
   0.204384E-01   0.227544E+05
   0.208513E-01   0.226336E+05
   0.212725E-01   0.225016E+05
   0.217022E-01   0.223587E+05
   0.221406E-01   0.222047E+05
   0.225879E-01   0.220397E+05
   0.230442E-01   0.218640E+05
   0.235097E-01   0.216777E+05
   0.239847E-01   0.214808E+05
   0.244692E-01   0.212736E+05
   0.249635E-01   0.210565E+05
   0.254678E-01   0.208296E+05
   0.259823E-01   0.205935E+05
   0.265072E-01   0.203483E+05
   0.270426E-01   0.200945E+05
   0.275889E-01   0.198326E+05
   0.281463E-01   0.195632E+05
   0.287149E-01   0.192868E+05
   0.292949E-01   0.190038E+05
   0.298867E-01   0.187150E+05
   0.304905E-01   0.184210E+05
   0.311064E-01   0.181226E+05
   0.317348E-01   0.178205E+05
   0.323759E-01   0.175154E+05
   0.330299E-01   0.172081E+05
   0.336972E-01   0.168993E+05
   0.343779E-01   0.165900E+05
   0.350724E-01   0.162809E+05
   0.357809E-01   0.159727E+05
   0.365038E-01   0.156664E+05
   0.372412E-01   0.153628E+05
   0.379935E-01   0.150630E+05
   0.387610E-01   0.147677E+05
   0.395440E-01   0.144777E+05
   0.403429E-01   0.141936E+05
   0.411579E-01   0.139160E+05
   0.419893E-01   0.136452E+05
   0.428375E-01   0.133815E+05
   0.437029E-01   0.131253E+05
   0.445858E-01   0.128771E+05
   0.454865E-01   0.126379E+05
   0.464053E-01   0.124083E+05
   0.473428E-01   0.121892E+05
   0.482992E-01   0.119812E+05
   0.492749E-01   0.117839E+05
   0.502703E-01   0.115963E+05
   0.512858E-01   0.114177E+05
   0.523219E-01   0.112470E+05
   0.533789E-01   0.110837E+05
   0.544572E-01   0.109267E+05
   0.555573E-01   0.107756E+05
   0.566796E-01   0.106294E+05
   0.578246E-01   0.104875E+05
   0.589927E-01   0.103489E+05
   0.601845E-01   0.102126E+05
   0.614003E-01   0.100778E+05
   0.626407E-01   0.994313E+04
   0.639061E-01   0.980734E+04
   0.651971E-01   0.966909E+04
   0.665142E-01   0.952701E+04
   0.678578E-01   0.937937E+04
   0.692287E-01   0.922453E+04
   0.706272E-01   0.906104E+04
   0.720539E-01   0.888802E+04
   0.735095E-01   0.870485E+04
   0.749945E-01   0.851115E+04
   0.765095E-01   0.830731E+04
   0.780551E-01   0.809404E+04
   0.796319E-01   0.787227E+04
   0.812406E-01   0.764376E+04
   0.828817E-01   0.741033E+04
   0.845561E-01   0.717399E+04
   0.862642E-01   0.693694E+04
   0.880068E-01   0.670129E+04
   0.897847E-01   0.646920E+04
   0.915985E-01   0.624275E+04
   0.934489E-01   0.602396E+04
   0.953367E-01   0.581494E+04
   0.972626E-01   0.561753E+04
   0.992274E-01   0.543334E+04
   0.101232E+00   0.526383E+04
   0.103277E+00   0.511017E+04
   0.105363E+00   0.497262E+04
   0.107492E+00   0.485100E+04
   0.109663E+00   0.474465E+04
   0.111879E+00   0.465168E+04
   0.114139E+00   0.457007E+04
   0.116445E+00   0.449709E+04
   0.118797E+00   0.442965E+04
   0.121197E+00   0.436465E+04
   0.123645E+00   0.429888E+04
   0.126143E+00   0.422940E+04
   0.128691E+00   0.415373E+04
   0.131291E+00   0.406983E+04
   0.133943E+00   0.397667E+04
   0.136649E+00   0.387380E+04
   0.139409E+00   0.376193E+04
   0.142226E+00   0.364229E+04
   0.145099E+00   0.351702E+04
   0.148030E+00   0.338863E+04
   0.151020E+00   0.326028E+04
   0.154071E+00   0.313529E+04
   0.157184E+00   0.301721E+04
   0.160359E+00   0.290907E+04
   0.163598E+00   0.281319E+04
   0.166903E+00   0.273041E+04
   0.170275E+00   0.266038E+04
   0.173715E+00   0.260138E+04
   0.177224E+00   0.255105E+04
   0.180804E+00   0.250666E+04
   0.184457E+00   0.246525E+04
   0.188183E+00   0.242373E+04
   0.191985E+00   0.237901E+04
   0.195863E+00   0.232851E+04
   0.199820E+00   0.227091E+04
   0.203856E+00   0.220650E+04
   0.207974E+00   0.213705E+04
   0.212176E+00   0.206525E+04
   0.216462E+00   0.199406E+04
   0.220835E+00   0.192633E+04
   0.225296E+00   0.186445E+04
   0.229847E+00   0.180998E+04
   0.234490E+00   0.176328E+04
   0.239227E+00   0.172354E+04
   0.244060E+00   0.168899E+04
   0.248990E+00   0.165724E+04
   0.254020E+00   0.162561E+04
   0.259152E+00   0.159175E+04
   0.264387E+00   0.155439E+04
   0.269728E+00   0.151375E+04
   0.275177E+00   0.147111E+04
   0.280736E+00   0.142820E+04
   0.286407E+00   0.138687E+04
   0.292193E+00   0.134880E+04
   0.298096E+00   0.131498E+04
   0.304118E+00   0.128523E+04
   0.310261E+00   0.125834E+04
   0.316529E+00   0.123279E+04
   0.322923E+00   0.120719E+04
   0.329447E+00   0.118054E+04
   0.336102E+00   0.115259E+04
   0.342892E+00   0.112395E+04
   0.349819E+00   0.109581E+04
   0.356885E+00   0.106920E+04
   0.364095E+00   0.104460E+04
   0.371450E+00   0.102197E+04
   0.378954E+00   0.100081E+04
   0.386609E+00   0.980279E+03
   0.394419E+00   0.959666E+03
   0.402387E+00   0.938797E+03
   0.410516E+00   0.917957E+03
   0.418809E+00   0.897608E+03
   0.427269E+00   0.878187E+03
   0.435901E+00   0.859870E+03
   0.444706E+00   0.842426E+03
   0.453690E+00   0.825496E+03
   0.462855E+00   0.808814E+03
   0.472206E+00   0.792250E+03
   0.481745E+00   0.775973E+03
   0.491477E+00   0.760203E+03
   0.501405E+00   0.745016E+03
   0.511534E+00   0.730386E+03
   0.521868E+00   0.716153E+03
   0.532411E+00   0.702181E+03
   0.543166E+00   0.688468E+03
   0.554139E+00   0.675055E+03
   0.565333E+00   0.662022E+03
   0.576753E+00   0.649349E+03
   0.588404E+00   0.637068E+03
   0.600291E+00   0.624933E+03
   0.612418E+00   0.613053E+03
   0.624789E+00   0.601473E+03
   0.637411E+00   0.590162E+03
   0.650288E+00   0.579098E+03
   0.663424E+00   0.568266E+03
   0.676826E+00   0.557655E+03
   0.690499E+00   0.547256E+03
   0.704448E+00   0.537062E+03
   0.718679E+00   0.527063E+03
   0.733197E+00   0.517254E+03
   0.748009E+00   0.507625E+03
   0.763119E+00   0.498171E+03
   0.778536E+00   0.488885E+03
   0.794263E+00   0.479761E+03
   0.810308E+00   0.470792E+03
   0.826677E+00   0.461974E+03
   0.843378E+00   0.453299E+03
   0.860415E+00   0.444765E+03
   0.877797E+00   0.436364E+03
   0.895529E+00   0.428093E+03
   0.913620E+00   0.419946E+03
   0.932076E+00   0.411921E+03
   0.950906E+00   0.404011E+03
   0.970115E+00   0.396215E+03
   0.989713E+00   0.388528E+03
   0.100971E+01   0.380946E+03
   0.103010E+01   0.373467E+03
   0.105091E+01   0.366088E+03
   0.107214E+01   0.358806E+03
   0.109380E+01   0.351618E+03
   0.111590E+01   0.344524E+03
   0.113844E+01   0.337520E+03
   0.116144E+01   0.330605E+03
   0.118490E+01   0.323778E+03
   0.120884E+01   0.317035E+03
   0.123326E+01   0.310377E+03
   0.125817E+01   0.303802E+03
   0.128359E+01   0.297308E+03
   0.130952E+01   0.290894E+03
   0.133597E+01   0.284560E+03
   0.136296E+01   0.278304E+03
   0.139049E+01   0.272127E+03
   0.141858E+01   0.266029E+03
   0.144724E+01   0.260007E+03
   0.147648E+01   0.254063E+03
   0.150630E+01   0.248196E+03
   0.153673E+01   0.242406E+03
   0.156778E+01   0.236692E+03
   0.159945E+01   0.231054E+03
   0.163176E+01   0.225492E+03
   0.166472E+01   0.220006E+03
   0.169835E+01   0.214598E+03
   0.173266E+01   0.209266E+03
   0.176766E+01   0.204012E+03
   0.180337E+01   0.198836E+03
   0.183980E+01   0.193738E+03
   0.187697E+01   0.188718E+03
   0.191489E+01   0.183777E+03
   0.195357E+01   0.178916E+03
   0.199304E+01   0.174133E+03
   0.203330E+01   0.169430E+03
   0.207437E+01   0.164807E+03
   0.211628E+01   0.160263E+03
   0.215903E+01   0.155801E+03
   0.220265E+01   0.151419E+03
   0.224714E+01   0.147119E+03
   0.229254E+01   0.142901E+03
   0.233885E+01   0.138764E+03
   0.238610E+01   0.134710E+03
   0.243430E+01   0.130737E+03
   0.248348E+01   0.126846E+03
   0.253365E+01   0.123036E+03
   0.258483E+01   0.119308E+03
   0.263705E+01   0.115661E+03
   0.269032E+01   0.112095E+03
   0.274466E+01   0.108610E+03
   0.280011E+01   0.105206E+03
   0.285668E+01   0.101881E+03
   0.291439E+01   0.986360E+02
   0.297326E+01   0.954699E+02
   0.303332E+01   0.923820E+02
   0.309460E+01   0.893717E+02
   0.315712E+01   0.864382E+02
   0.322090E+01   0.835806E+02
   0.328596E+01   0.807980E+02
   0.335234E+01   0.780895E+02
   0.342006E+01   0.754542E+02
   0.348916E+01   0.728910E+02
   0.355964E+01   0.703989E+02
   0.363155E+01   0.679768E+02
   0.370491E+01   0.656235E+02
   0.377976E+01   0.633379E+02
   0.385611E+01   0.611188E+02
   0.393401E+01   0.589651E+02
   0.401348E+01   0.568754E+02
   0.409456E+01   0.548486E+02
   0.417727E+01   0.528835E+02
   0.426166E+01   0.509789E+02
   0.434775E+01   0.491335E+02
   0.443558E+01   0.473460E+02
   0.452519E+01   0.456153E+02
   0.461660E+01   0.439400E+02
   0.470987E+01   0.423188E+02
   0.480501E+01   0.407506E+02
   0.490208E+01   0.392339E+02
   0.500111E+01   0.377677E+02
   0.510214E+01   0.363504E+02
   0.520521E+01   0.349808E+02
   0.531036E+01   0.336575E+02
   0.541763E+01   0.323791E+02
   0.552708E+01   0.311444E+02
   0.563873E+01   0.299520E+02
   0.575264E+01   0.288006E+02
   0.586885E+01   0.276892E+02
   0.598741E+01   0.266164E+02
   0.610836E+01   0.255812E+02
   0.623176E+01   0.245823E+02
   0.635765E+01   0.236188E+02
   0.648609E+01   0.226897E+02
   0.661711E+01   0.217944E+02
   0.675079E+01   0.209320E+02
   0.688716E+01   0.201017E+02
   0.702629E+01   0.193027E+02
   0.716823E+01   0.185340E+02
   0.731304E+01   0.177949E+02
   0.746077E+01   0.170846E+02
   0.761149E+01   0.164020E+02
   0.776525E+01   0.157465E+02
