#          k/h    CDM            baryon         photon         nu             mass_nu        total          no_nu          total_de       Weyl           v_CDM          v_b            v_b-v_c     
   0.105545E-04   0.196150E+08   0.196150E+08   0.261397E+08   0.261394E+08   0.196173E+08   0.196151E+08   0.196150E+08   0.189481E+08  -0.471686E+00   0.104744E+08   0.104744E+08   0.514811E+01
   0.116535E-04   0.196150E+08   0.196150E+08   0.261367E+08   0.261364E+08   0.196172E+08   0.196150E+08   0.196150E+08   0.189481E+08  -0.471686E+00   0.104744E+08   0.104744E+08   0.568396E+01
   0.128670E-04   0.196150E+08   0.196150E+08   0.261331E+08   0.261326E+08   0.196172E+08   0.196150E+08   0.196150E+08   0.189481E+08  -0.471685E+00   0.104744E+08   0.104744E+08   0.627555E+01
   0.142067E-04   0.196150E+08   0.196150E+08   0.261286E+08   0.261281E+08   0.196172E+08   0.196150E+08   0.196150E+08   0.189481E+08  -0.471685E+00   0.104744E+08   0.104744E+08   0.692865E+01
   0.156860E-04   0.196150E+08   0.196150E+08   0.261232E+08   0.261225E+08   0.196172E+08   0.196150E+08   0.196150E+08   0.189481E+08  -0.471684E+00   0.104744E+08   0.104744E+08   0.764963E+01
   0.173193E-04   0.196150E+08   0.196150E+08   0.261165E+08   0.261157E+08   0.196171E+08   0.196150E+08   0.196150E+08   0.189481E+08  -0.471684E+00   0.104743E+08   0.104743E+08   0.844553E+01
   0.191227E-04   0.196150E+08   0.196150E+08   0.261084E+08   0.261075E+08   0.196171E+08   0.196150E+08   0.196150E+08   0.189481E+08  -0.471683E+00   0.104743E+08   0.104743E+08   0.932408E+01
   0.211139E-04   0.196150E+08   0.196150E+08   0.260986E+08   0.260974E+08   0.196171E+08   0.196150E+08   0.196150E+08   0.189481E+08  -0.471682E+00   0.104743E+08   0.104743E+08   0.102938E+02
   0.233124E-04   0.196149E+08   0.196149E+08   0.260866E+08   0.260852E+08   0.196170E+08   0.196149E+08   0.196149E+08   0.189482E+08  -0.471681E+00   0.104743E+08   0.104743E+08   0.113641E+02
   0.257398E-04   0.196149E+08   0.196149E+08   0.260720E+08   0.260702E+08   0.196169E+08   0.196149E+08   0.196149E+08   0.189482E+08  -0.471679E+00   0.104743E+08   0.104743E+08   0.125454E+02
   0.284200E-04   0.196148E+08   0.196148E+08   0.260542E+08   0.260520E+08   0.196168E+08   0.196149E+08   0.196148E+08   0.189482E+08  -0.471677E+00   0.104742E+08   0.104742E+08   0.138489E+02
   0.313792E-04   0.196148E+08   0.196148E+08   0.260324E+08   0.260298E+08   0.196167E+08   0.196148E+08   0.196148E+08   0.189482E+08  -0.471675E+00   0.104742E+08   0.104742E+08   0.152872E+02
   0.346466E-04   0.196147E+08   0.196147E+08   0.260060E+08   0.260028E+08   0.196166E+08   0.196147E+08   0.196147E+08   0.189482E+08  -0.471672E+00   0.104741E+08   0.104741E+08   0.168740E+02
   0.382541E-04   0.196147E+08   0.196147E+08   0.259738E+08   0.259699E+08   0.196164E+08   0.196147E+08   0.196147E+08   0.189482E+08  -0.471669E+00   0.104741E+08   0.104741E+08   0.186243E+02
   0.422374E-04   0.196146E+08   0.196146E+08   0.259346E+08   0.259299E+08   0.196162E+08   0.196146E+08   0.196146E+08   0.189482E+08  -0.471665E+00   0.104740E+08   0.104740E+08   0.205545E+02
   0.466354E-04   0.196145E+08   0.196144E+08   0.258869E+08   0.258812E+08   0.196160E+08   0.196145E+08   0.196145E+08   0.189482E+08  -0.471660E+00   0.104739E+08   0.104739E+08   0.226826E+02
   0.514913E-04   0.196143E+08   0.196143E+08   0.258288E+08   0.258219E+08   0.196157E+08   0.196143E+08   0.196143E+08   0.189483E+08  -0.471654E+00   0.104738E+08   0.104738E+08   0.250281E+02
   0.568528E-04   0.196142E+08   0.196141E+08   0.257582E+08   0.257497E+08   0.196153E+08   0.196142E+08   0.196141E+08   0.189483E+08  -0.471647E+00   0.104737E+08   0.104737E+08   0.276121E+02
   0.627726E-04   0.196139E+08   0.196139E+08   0.256724E+08   0.256620E+08   0.196148E+08   0.196139E+08   0.196139E+08   0.189483E+08  -0.471638E+00   0.104735E+08   0.104735E+08   0.304577E+02
   0.693089E-04   0.196137E+08   0.196137E+08   0.255680E+08   0.255555E+08   0.196143E+08   0.196137E+08   0.196137E+08   0.189484E+08  -0.471628E+00   0.104733E+08   0.104733E+08   0.335893E+02
   0.765257E-04   0.196134E+08   0.196134E+08   0.254414E+08   0.254262E+08   0.196136E+08   0.196134E+08   0.196134E+08   0.189484E+08  -0.471615E+00   0.104731E+08   0.104731E+08   0.370334E+02
   0.844939E-04   0.196130E+08   0.196130E+08   0.252878E+08   0.252693E+08   0.196128E+08   0.196130E+08   0.196130E+08   0.189485E+08  -0.471599E+00   0.104728E+08   0.104728E+08   0.408178E+02
   0.932919E-04   0.196126E+08   0.196125E+08   0.251017E+08   0.250793E+08   0.196118E+08   0.196126E+08   0.196126E+08   0.189486E+08  -0.471579E+00   0.104725E+08   0.104725E+08   0.449716E+02
   0.103006E-03   0.196120E+08   0.196120E+08   0.248766E+08   0.248495E+08   0.196106E+08   0.196120E+08   0.196120E+08   0.189487E+08  -0.471556E+00   0.104721E+08   0.104720E+08   0.495250E+02
   0.113731E-03   0.196114E+08   0.196113E+08   0.246047E+08   0.245719E+08   0.196092E+08   0.196114E+08   0.196114E+08   0.189488E+08  -0.471527E+00   0.104715E+08   0.104715E+08   0.545085E+02
   0.125574E-03   0.196106E+08   0.196105E+08   0.242768E+08   0.242373E+08   0.196074E+08   0.196105E+08   0.196106E+08   0.189490E+08  -0.471493E+00   0.104709E+08   0.104709E+08   0.599520E+02
   0.138649E-03   0.196096E+08   0.196095E+08   0.238827E+08   0.238350E+08   0.196052E+08   0.196095E+08   0.196096E+08   0.189491E+08  -0.471451E+00   0.104701E+08   0.104701E+08   0.658838E+02
   0.153086E-03   0.196084E+08   0.196083E+08   0.234101E+08   0.233530E+08   0.196026E+08   0.196083E+08   0.196084E+08   0.189494E+08  -0.471400E+00   0.104692E+08   0.104692E+08   0.723287E+02
   0.169026E-03   0.196069E+08   0.196068E+08   0.228458E+08   0.227774E+08   0.195993E+08   0.196069E+08   0.196069E+08   0.189496E+08  -0.471338E+00   0.104681E+08   0.104680E+08   0.793057E+02
   0.186626E-03   0.196052E+08   0.196050E+08   0.221748E+08   0.220934E+08   0.195954E+08   0.196051E+08   0.196051E+08   0.189500E+08  -0.471263E+00   0.104667E+08   0.104667E+08   0.868251E+02
   0.206059E-03   0.196030E+08   0.196029E+08   0.213817E+08   0.212852E+08   0.195906E+08   0.196029E+08   0.196030E+08   0.189504E+08  -0.471172E+00   0.104651E+08   0.104650E+08   0.948847E+02
   0.227515E-03   0.196004E+08   0.196002E+08   0.204504E+08   0.203367E+08   0.195848E+08   0.196003E+08   0.196004E+08   0.189509E+08  -0.471062E+00   0.104631E+08   0.104630E+08   0.103464E+03
   0.251205E-03   0.195973E+08   0.195970E+08   0.193662E+08   0.192334E+08   0.195778E+08   0.195971E+08   0.195972E+08   0.189515E+08  -0.470931E+00   0.104606E+08   0.104605E+08   0.112520E+03
   0.277362E-03   0.195935E+08   0.195932E+08   0.181172E+08   0.179635E+08   0.195693E+08   0.195933E+08   0.195934E+08   0.189522E+08  -0.470773E+00   0.104577E+08   0.104576E+08   0.121976E+03
   0.306242E-03   0.195889E+08   0.195885E+08   0.166968E+08   0.165210E+08   0.195589E+08   0.195887E+08   0.195888E+08   0.189531E+08  -0.470583E+00   0.104542E+08   0.104540E+08   0.131719E+03
   0.338129E-03   0.195833E+08   0.195829E+08   0.151072E+08   0.149091E+08   0.195463E+08   0.195831E+08   0.195832E+08   0.189542E+08  -0.470357E+00   0.104499E+08   0.104498E+08   0.141586E+03
   0.373337E-03   0.195766E+08   0.195761E+08   0.133636E+08   0.131444E+08   0.195311E+08   0.195763E+08   0.195765E+08   0.189556E+08  -0.470089E+00   0.104448E+08   0.104446E+08   0.151356E+03
   0.412211E-03   0.195686E+08   0.195680E+08   0.114987E+08   0.112616E+08   0.195128E+08   0.195683E+08   0.195685E+08   0.189572E+08  -0.469772E+00   0.104387E+08   0.104385E+08   0.160748E+03
   0.455133E-03   0.195590E+08   0.195583E+08   0.956642E+07   0.931708E+07   0.194906E+08   0.195586E+08   0.195589E+08   0.189591E+08  -0.469399E+00   0.104314E+08   0.104312E+08   0.169416E+03
   0.502524E-03   0.195476E+08   0.195468E+08   0.764389E+07   0.739104E+07   0.194640E+08   0.195471E+08   0.195475E+08   0.189614E+08  -0.468965E+00   0.104229E+08   0.104226E+08   0.176955E+03
   0.554849E-03   0.195340E+08   0.195330E+08   0.582864E+07   0.558392E+07   0.194320E+08   0.195334E+08   0.195339E+08   0.189640E+08  -0.468461E+00   0.104127E+08   0.104124E+08   0.182925E+03
   0.612623E-03   0.195180E+08   0.195168E+08   0.422842E+07   0.400557E+07   0.193937E+08   0.195172E+08   0.195178E+08   0.189670E+08  -0.467884E+00   0.104009E+08   0.104005E+08   0.186878E+03
   0.676413E-03   0.194991E+08   0.194978E+08   0.294138E+07   0.275444E+07   0.193479E+08   0.194982E+08   0.194989E+08   0.189701E+08  -0.467226E+00   0.103871E+08   0.103867E+08   0.188417E+03
   0.746844E-03   0.194770E+08   0.194756E+08   0.202764E+07   0.188796E+07   0.192935E+08   0.194759E+08   0.194768E+08   0.189734E+08  -0.466484E+00   0.103712E+08   0.103708E+08   0.187251E+03
   0.824610E-03   0.194513E+08   0.194497E+08   0.147946E+07   0.139210E+07   0.192289E+08   0.194500E+08   0.194510E+08   0.189762E+08  -0.465656E+00   0.103530E+08   0.103526E+08   0.183265E+03
   0.910472E-03   0.194216E+08   0.194198E+08   0.120623E+07   0.116701E+07   0.191526E+08   0.194201E+08   0.194213E+08   0.189781E+08  -0.464737E+00   0.103324E+08   0.103320E+08   0.176556E+03
   0.100528E-02   0.193874E+08   0.193854E+08   0.105541E+07   0.105069E+07   0.190629E+08   0.193856E+08   0.193871E+08   0.189782E+08  -0.463725E+00   0.103093E+08   0.103088E+08   0.167438E+03
   0.110995E-02   0.193482E+08   0.193462E+08   0.880554E+06   0.891287E+06   0.189578E+08   0.193461E+08   0.193479E+08   0.189753E+08  -0.462614E+00   0.102835E+08   0.102829E+08   0.156385E+03
   0.122552E-02   0.193036E+08   0.193014E+08   0.630118E+06   0.639424E+06   0.188353E+08   0.193011E+08   0.193032E+08   0.189681E+08  -0.461398E+00   0.102548E+08   0.102543E+08   0.143953E+03
   0.135313E-02   0.192528E+08   0.192507E+08   0.382108E+06   0.381885E+06   0.186935E+08   0.192500E+08   0.192525E+08   0.189548E+08  -0.460064E+00   0.102232E+08   0.102226E+08   0.130723E+03
   0.149403E-02   0.191954E+08   0.191932E+08   0.252867E+06   0.244099E+06   0.185307E+08   0.191921E+08   0.191951E+08   0.189338E+08  -0.458596E+00   0.101883E+08   0.101878E+08   0.117314E+03
   0.164959E-02   0.191305E+08   0.191282E+08   0.237682E+06  -0.178471E+06   0.183452E+08   0.191266E+08   0.191301E+08   0.189032E+08  -0.456973E+00   0.101498E+08   0.101493E+08   0.104409E+03
   0.182136E-02   0.190571E+08   0.190549E+08   0.202897E+06  -0.145295E+06   0.181354E+08   0.190526E+08   0.190568E+08   0.188614E+08  -0.455169E+00   0.101073E+08   0.101068E+08   0.926827E+02
   0.201101E-02   0.189744E+08   0.189721E+08   0.106156E+06  -0.118301E+06   0.179000E+08   0.189692E+08   0.189741E+08   0.188070E+08  -0.453153E+00   0.100603E+08   0.100598E+08   0.825707E+02
   0.222041E-02   0.188812E+08   0.188789E+08   0.640085E+05  -0.963199E+05   0.176381E+08   0.188752E+08   0.188808E+08   0.187385E+08  -0.450895E+00   0.100080E+08   0.100075E+08   0.741332E+02
   0.245161E-02   0.187763E+08   0.187738E+08   0.700461E+05  -0.784088E+05   0.173493E+08   0.187695E+08   0.187759E+08   0.186551E+08  -0.448362E+00   0.994996E+07   0.994946E+07   0.671305E+02
   0.270688E-02   0.186585E+08   0.186559E+08   0.340629E+05  -0.638065E+05   0.170336E+08   0.186507E+08   0.186581E+08   0.185555E+08  -0.445523E+00   0.988535E+07   0.988485E+07   0.611138E+02
   0.298873E-02   0.185264E+08   0.185236E+08   0.319484E+05  -0.518985E+05   0.166908E+08   0.185177E+08   0.185260E+08   0.184388E+08  -0.442345E+00   0.981349E+07   0.981299E+07   0.555496E+02
   0.329994E-02   0.183789E+08   0.183759E+08   0.182447E+05  -0.421863E+05   0.163204E+08   0.183691E+08   0.183784E+08   0.183039E+08  -0.438797E+00   0.973364E+07   0.973314E+07   0.501649E+02
   0.364355E-02   0.182144E+08   0.182112E+08   0.988658E+04  -0.342652E+05   0.159219E+08   0.182036E+08   0.182139E+08   0.181500E+08  -0.434845E+00   0.964507E+07   0.964458E+07   0.450489E+02
   0.402293E-02   0.180318E+08   0.180283E+08   0.252526E+04  -0.278064E+05   0.154938E+08   0.180198E+08   0.180313E+08   0.179759E+08  -0.430458E+00   0.954703E+07   0.954654E+07   0.404942E+02
   0.444182E-02   0.178296E+08   0.178258E+08   0.451701E+04  -0.225415E+05   0.150348E+08   0.178164E+08   0.178290E+08   0.177805E+08  -0.425602E+00   0.943878E+07   0.943830E+07   0.366052E+02
   0.490433E-02   0.176066E+08   0.176023E+08   0.100420E+04  -0.182519E+05   0.145458E+08   0.175922E+08   0.176059E+08   0.175629E+08  -0.420246E+00   0.931960E+07   0.931912E+07   0.331408E+02
   0.541499E-02   0.173614E+08   0.173566E+08   0.578773E+03  -0.147590E+05   0.140264E+08   0.173456E+08   0.173606E+08   0.173218E+08  -0.414358E+00   0.918876E+07   0.918828E+07   0.298816E+02
   0.597883E-02   0.170926E+08   0.170872E+08   0.120845E+04  -0.119168E+05   0.134762E+08   0.170755E+08   0.170918E+08   0.170561E+08  -0.407907E+00   0.904554E+07   0.904505E+07   0.269439E+02
   0.660138E-02   0.167993E+08   0.167932E+08   0.261238E+02  -0.960649E+04   0.128638E+08   0.167806E+08   0.167984E+08   0.167650E+08  -0.400865E+00   0.888933E+07   0.888885E+07   0.243997E+02
   0.728875E-02   0.164793E+08   0.164723E+08   0.136973E+03  -0.772963E+04   0.122382E+08   0.164591E+08   0.164782E+08   0.164465E+08  -0.393184E+00   0.871904E+07   0.871856E+07   0.220785E+02
   0.804769E-02   0.161313E+08   0.161232E+08  -0.401410E+03  -0.620671E+04   0.115866E+08   0.161096E+08   0.161300E+08   0.160994E+08  -0.384836E+00   0.853399E+07   0.853351E+07   0.200031E+02
   0.888566E-02   0.157545E+08   0.157452E+08  -0.135025E+04  -0.497267E+04   0.109180E+08   0.157312E+08   0.157530E+08   0.157231E+08  -0.375799E+00   0.833374E+07   0.833326E+07   0.181716E+02
   0.981088E-02   0.153476E+08   0.153368E+08  -0.227502E+03  -0.397410E+04   0.102333E+08   0.153228E+08   0.153459E+08   0.153163E+08  -0.366043E+00   0.811758E+07   0.811710E+07   0.165235E+02
   0.108324E-01   0.149091E+08   0.148966E+08  -0.860323E+03  -0.316725E+04   0.953181E+07   0.148829E+08   0.149071E+08   0.148777E+08  -0.355535E+00   0.788477E+07   0.788428E+07   0.150835E+02
   0.119604E-01   0.144379E+08   0.144233E+08  -0.548921E+03  -0.251640E+04   0.881931E+07   0.144103E+08   0.144356E+08   0.144061E+08  -0.344244E+00   0.763464E+07   0.763415E+07   0.137892E+02
   0.132058E-01   0.139328E+08   0.139160E+08  -0.332040E+03  -0.199239E+04   0.810349E+07   0.139039E+08   0.139302E+08   0.139006E+08  -0.332149E+00   0.736667E+07   0.736617E+07   0.126534E+02
   0.145808E-01   0.133930E+08   0.133736E+08  -0.478914E+03  -0.157139E+04   0.739077E+07   0.133629E+08   0.133900E+08   0.133604E+08  -0.319226E+00   0.708036E+07   0.707985E+07   0.116427E+02
   0.160990E-01   0.128180E+08   0.127956E+08  -0.574192E+03  -0.123397E+04   0.668365E+07   0.127869E+08   0.128145E+08   0.127848E+08  -0.305464E+00   0.677544E+07   0.677492E+07   0.107417E+02
   0.177754E-01   0.122078E+08   0.121821E+08  -0.275624E+03  -0.964293E+03   0.599142E+07   0.121758E+08   0.122038E+08   0.121742E+08  -0.290866E+00   0.645197E+07   0.645144E+07   0.993232E+01
   0.196262E-01   0.115635E+08   0.115342E+08  -0.325844E+03  -0.749464E+03   0.531952E+07   0.115308E+08   0.115589E+08   0.115296E+08  -0.275459E+00   0.611052E+07   0.610998E+07   0.919171E+01
   0.216698E-01   0.108876E+08   0.108545E+08  -0.197860E+03  -0.579007E+03   0.467487E+07   0.108544E+08   0.108824E+08   0.108535E+08  -0.259301E+00   0.575240E+07   0.575184E+07   0.850093E+01
   0.239262E-01   0.101845E+08   0.101477E+08  -0.121262E+03  -0.444409E+03   0.406408E+07   0.101511E+08   0.101787E+08   0.101504E+08  -0.242500E+00   0.537998E+07   0.537942E+07   0.783561E+01
   0.264175E-01   0.946129E+07   0.942095E+07  -0.134874E+03  -0.338754E+03   0.349388E+07   0.942808E+07   0.945495E+07   0.942753E+07  -0.225227E+00   0.499705E+07   0.499648E+07   0.717698E+01
   0.291682E-01   0.872836E+07   0.868506E+07  -0.652592E+02  -0.256422E+03   0.296980E+07   0.869563E+07   0.872155E+07   0.869521E+07  -0.207729E+00   0.460909E+07   0.460852E+07   0.650415E+01
   0.322054E-01   0.799961E+07   0.795429E+07  -0.941940E+02  -0.192831E+03   0.249695E+07   0.796772E+07   0.799249E+07   0.796740E+07  -0.190340E+00   0.422350E+07   0.422294E+07   0.580149E+01
   0.355588E-01   0.729226E+07   0.724630E+07  -0.434810E+02  -0.144231E+03   0.207904E+07   0.726158E+07   0.728504E+07   0.726134E+07  -0.173471E+00   0.384940E+07   0.384886E+07   0.506054E+01
   0.392614E-01   0.662556E+07   0.658075E+07  -0.363248E+02  -0.107526E+03   0.171792E+07   0.659643E+07   0.661852E+07   0.659626E+07  -0.157582E+00   0.349699E+07   0.349648E+07   0.428386E+01
   0.433495E-01   0.601800E+07   0.597637E+07  -0.268386E+02  -0.801404E+02   0.141304E+07   0.599073E+07   0.601146E+07   0.599060E+07  -0.143112E+00   0.317604E+07   0.317559E+07   0.348878E+01
   0.476844E-01   0.550021E+07   0.546355E+07  -0.594092E+02  -0.605550E+02   0.116925E+07   0.547495E+07   0.549445E+07   0.547485E+07  -0.130791E+00   0.290273E+07   0.290234E+07   0.273830E+01
   0.520194E-01   0.509232E+07   0.506144E+07  -0.462355E+02  -0.471269E+02   0.985327E+06   0.506898E+07   0.508747E+07   0.506890E+07  -0.121093E+00   0.268759E+07   0.268726E+07   0.210387E+01
   0.563543E-01   0.476062E+07   0.473550E+07  -0.368431E+02  -0.375533E+02   0.842415E+06   0.473903E+07   0.475667E+07   0.473897E+07  -0.113210E+00   0.251273E+07   0.251246E+07   0.159691E+01
   0.606893E-01   0.447934E+07   0.445927E+07  -0.299009E+02  -0.304771E+02   0.728002E+06   0.445930E+07   0.447619E+07   0.445925E+07  -0.106528E+00   0.236448E+07   0.236426E+07   0.121846E+01
   0.650242E-01   0.422921E+07   0.421297E+07  -0.245997E+02  -0.250736E+02   0.633727E+06   0.421047E+07   0.422666E+07   0.421043E+07  -0.100584E+00   0.223260E+07   0.223241E+07   0.958794E+00
   0.693592E-01   0.399421E+07   0.398038E+07  -0.204242E+02  -0.208177E+02   0.553751E+06   0.397654E+07   0.399204E+07   0.397650E+07  -0.949953E-01   0.210861E+07   0.210844E+07   0.799235E+00
   0.736941E-01   0.376253E+07   0.374973E+07  -0.170457E+02  -0.173739E+02   0.484158E+06   0.374575E+07   0.376052E+07   0.374573E+07  -0.894821E-01   0.198628E+07   0.198612E+07   0.715596E+00
   0.780290E-01   0.353059E+07   0.351769E+07  -0.142688E+02  -0.145435E+02   0.422911E+06   0.351457E+07   0.352857E+07   0.351455E+07  -0.839594E-01   0.186373E+07   0.186357E+07   0.682253E+00
   0.823640E-01   0.330143E+07   0.328768E+07  -0.119759E+02  -0.122065E+02   0.369120E+06   0.328606E+07   0.329927E+07   0.328604E+07  -0.785006E-01   0.174259E+07   0.174242E+07   0.675325E+00
   0.866989E-01   0.308135E+07   0.306644E+07  -0.100881E+02  -0.102823E+02   0.322375E+06   0.306658E+07   0.307901E+07   0.306656E+07  -0.732574E-01   0.162622E+07   0.162605E+07   0.675075E+00
   0.910339E-01   0.287646E+07   0.286051E+07  -0.854195E+01  -0.870634E+01   0.282262E+06   0.286228E+07   0.287396E+07   0.286226E+07  -0.683768E-01   0.151791E+07   0.151772E+07   0.667377E+00
   0.964126E-01   0.265044E+07   0.263382E+07  -0.701725E+01  -0.715228E+01   0.240935E+06   0.263698E+07   0.264783E+07   0.263697E+07  -0.629948E-01   0.139846E+07   0.139827E+07   0.636047E+00
   0.101791E+00   0.246129E+07   0.244497E+07  -0.584634E+01  -0.595882E+01   0.207921E+06   0.244858E+07   0.245873E+07   0.244857E+07  -0.584941E-01   0.129856E+07   0.129839E+07   0.578303E+00
   0.107170E+00   0.231044E+07   0.229537E+07  -0.495153E+01  -0.504679E+01   0.181906E+06   0.229849E+07   0.230808E+07   0.229848E+07  -0.549086E-01   0.121898E+07   0.121882E+07   0.501108E+00
   0.112549E+00   0.219265E+07   0.217949E+07  -0.426135E+01  -0.434332E+01   0.161324E+06   0.218144E+07   0.219058E+07   0.218143E+07  -0.521122E-01   0.115691E+07   0.115677E+07   0.416606E+00
   0.117928E+00   0.209742E+07   0.208639E+07  -0.371357E+01  -0.378500E+01   0.144564E+06   0.208689E+07   0.209568E+07   0.208688E+07  -0.498536E-01   0.110678E+07   0.110666E+07   0.337439E+00
   0.123306E+00   0.201313E+07   0.200403E+07  -0.326071E+01  -0.332343E+01   0.130276E+06   0.200322E+07   0.201170E+07   0.200321E+07  -0.478548E-01   0.106241E+07   0.106231E+07   0.273278E+00
   0.128685E+00   0.193052E+07   0.192282E+07  -0.287137E+01  -0.292660E+01   0.117539E+06   0.192114E+07   0.192931E+07   0.192114E+07  -0.458940E-01   0.101889E+07   0.101880E+07   0.228967E+00
   0.134064E+00   0.184427E+07   0.183730E+07  -0.252763E+01  -0.257624E+01   0.105846E+06   0.183535E+07   0.184318E+07   0.183534E+07  -0.438445E-01   0.973396E+06   0.973314E+06   0.204287E+00
   0.139443E+00   0.175320E+07   0.174632E+07  -0.222112E+01  -0.226383E+01   0.950141E+05   0.174465E+07   0.175212E+07   0.174465E+07  -0.416780E-01   0.925305E+06   0.925224E+06   0.195025E+00
   0.144821E+00   0.165927E+07   0.165204E+07  -0.194886E+01  -0.198634E+01   0.850559E+05   0.165104E+07   0.165813E+07   0.165104E+07  -0.394417E-01   0.875664E+06   0.875579E+06   0.194785E+00
   0.150200E+00   0.156618E+07   0.155843E+07  -0.171009E+01  -0.174297E+01   0.760582E+05   0.155825E+07   0.156496E+07   0.155825E+07  -0.372250E-01   0.826458E+06   0.826369E+06   0.196955E+00
   0.155579E+00   0.147850E+07   0.147031E+07  -0.150461E+01  -0.153354E+01   0.681243E+05   0.147086E+07   0.147722E+07   0.147086E+07  -0.351374E-01   0.780115E+06   0.780024E+06   0.196322E+00
   0.160958E+00   0.140062E+07   0.139226E+07  -0.133166E+01  -0.135726E+01   0.613202E+05   0.139327E+07   0.139930E+07   0.139327E+07  -0.332838E-01   0.738968E+06   0.738876E+06   0.189985E+00
   0.166336E+00   0.133509E+07   0.132692E+07  -0.118862E+01  -0.121147E+01   0.556164E+05   0.132805E+07   0.133381E+07   0.132805E+07  -0.317257E-01   0.704377E+06   0.704288E+06   0.177482E+00
   0.171715E+00   0.128156E+07   0.127391E+07  -0.107066E+01  -0.109124E+01   0.508641E+05   0.127481E+07   0.128036E+07   0.127481E+07  -0.304540E-01   0.676145E+06   0.676063E+06   0.160301E+00
   0.177094E+00   0.123734E+07   0.123043E+07  -0.971959E+00  -0.990642E+00   0.468473E+05   0.123090E+07   0.123626E+07   0.123089E+07  -0.294048E-01   0.652854E+06   0.652779E+06   0.141049E+00
   0.182473E+00   0.119907E+07   0.119295E+07  -0.887268E+00  -0.904323E+00   0.433577E+05   0.119290E+07   0.119811E+07   0.119290E+07  -0.284972E-01   0.632705E+06   0.632638E+06   0.122559E+00
   0.187851E+00   0.116348E+07   0.115807E+07  -0.812406E+00  -0.828022E+00   0.402231E+05   0.115757E+07   0.116263E+07   0.115757E+07  -0.276530E-01   0.613964E+06   0.613904E+06   0.107109E+00
   0.193230E+00   0.112769E+07   0.112280E+07  -0.744243E+00  -0.758549E+00   0.373117E+05   0.112201E+07   0.112692E+07   0.112201E+07  -0.268037E-01   0.595107E+06   0.595051E+06   0.959437E-01
   0.198609E+00   0.108981E+07   0.108520E+07  -0.680842E+00  -0.693929E+00   0.345429E+05   0.108433E+07   0.108909E+07   0.108433E+07  -0.259036E-01   0.575125E+06   0.575072E+06   0.891579E-01
   0.203988E+00   0.104952E+07   0.104496E+07  -0.621557E+00  -0.633504E+00   0.318966E+05   0.104422E+07   0.104881E+07   0.104422E+07  -0.249454E-01   0.553852E+06   0.553800E+06   0.859069E-01
   0.209366E+00   0.100793E+07   0.100327E+07  -0.566641E+00  -0.577531E+00   0.293973E+05   0.100279E+07   0.100720E+07   0.100279E+07  -0.239556E-01   0.531878E+06   0.531825E+06   0.847932E-01
   0.214745E+00   0.966764E+06   0.961958E+06  -0.516601E+00  -0.526530E+00   0.270827E+05   0.961777E+06   0.966009E+06   0.961776E+06  -0.229758E-01   0.510127E+06   0.510073E+06   0.843030E-01
   0.220124E+00   0.927757E+06   0.922830E+06  -0.471814E+00  -0.480882E+00   0.249837E+05   0.922917E+06   0.926983E+06   0.922916E+06  -0.220475E-01   0.489518E+06   0.489463E+06   0.831854E-01
   0.225503E+00   0.892294E+06   0.887343E+06  -0.432385E+00  -0.440694E+00   0.231170E+05   0.887602E+06   0.891516E+06   0.887601E+06  -0.212039E-01   0.470788E+06   0.470734E+06   0.806944E-01
   0.230881E+00   0.861141E+06   0.856291E+06  -0.398075E+00  -0.405725E+00   0.214802E+05   0.856598E+06   0.860379E+06   0.856597E+06  -0.204632E-01   0.454345E+06   0.454292E+06   0.766599E-01
   0.236260E+00   0.834258E+06   0.829625E+06  -0.368298E+00  -0.375376E+00   0.200507E+05   0.829864E+06   0.833530E+06   0.829863E+06  -0.198246E-01   0.440165E+06   0.440115E+06   0.714030E-01
   0.241639E+00   0.810913E+06   0.806576E+06  -0.342247E+00  -0.348824E+00   0.187924E+05   0.806665E+06   0.810232E+06   0.806664E+06  -0.192704E-01   0.427861E+06   0.427814E+06   0.655519E-01
   0.247018E+00   0.789979E+06   0.785961E+06  -0.319066E+00  -0.325197E+00   0.176643E+05   0.785870E+06   0.789348E+06   0.785869E+06  -0.187736E-01   0.416832E+06   0.416788E+06   0.598202E-01
   0.252396E+00   0.770190E+06   0.766464E+06  -0.297970E+00  -0.303696E+00   0.166276E+05   0.766211E+06   0.769604E+06   0.766210E+06  -0.183040E-01   0.406405E+06   0.406364E+06   0.548088E-01
   0.257775E+00   0.750422E+06   0.746923E+06  -0.278343E+00  -0.283692E+00   0.156515E+05   0.746563E+06   0.749872E+06   0.746562E+06  -0.178346E-01   0.395984E+06   0.395945E+06   0.508772E-01
   0.263154E+00   0.730012E+06   0.726656E+06  -0.259823E+00  -0.264816E+00   0.147180E+05   0.726263E+06   0.729485E+06   0.726263E+06  -0.173497E-01   0.385218E+06   0.385180E+06   0.481017E-01
   0.268533E+00   0.708901E+06   0.705609E+06  -0.242305E+00  -0.246961E+00   0.138235E+05   0.705253E+06   0.708384E+06   0.705253E+06  -0.168478E-01   0.374074E+06   0.374037E+06   0.463102E-01
   0.273911E+00   0.687468E+06   0.684183E+06  -0.225840E+00  -0.230179E+00   0.129728E+05   0.683914E+06   0.686952E+06   0.683914E+06  -0.163380E-01   0.362757E+06   0.362720E+06   0.451672E-01
   0.279290E+00   0.666256E+06   0.662954E+06  -0.210520E+00  -0.214565E+00   0.121732E+05   0.662792E+06   0.665738E+06   0.662792E+06  -0.158334E-01   0.351554E+06   0.351517E+06   0.442816E-01
   0.284669E+00   0.645832E+06   0.642516E+06  -0.196425E+00  -0.200200E+00   0.114311E+05   0.642454E+06   0.645311E+06   0.642454E+06  -0.153476E-01   0.340767E+06   0.340730E+06   0.433100E-01
   0.290048E+00   0.626718E+06   0.623420E+06  -0.183607E+00  -0.187135E+00   0.107516E+05   0.623426E+06   0.626200E+06   0.623426E+06  -0.148930E-01   0.330675E+06   0.330638E+06   0.420291E-01
   0.295426E+00   0.609276E+06   0.606035E+06  -0.172057E+00  -0.175363E+00   0.101358E+05   0.606068E+06   0.608767E+06   0.606068E+06  -0.144783E-01   0.321469E+06   0.321433E+06   0.403640E-01
   0.300805E+00   0.593554E+06   0.590413E+06  -0.161678E+00  -0.164785E+00   0.957989E+04   0.590431E+06   0.593061E+06   0.590430E+06  -0.141048E-01   0.313175E+06   0.313140E+06   0.383730E-01
   0.306184E+00   0.579292E+06   0.576279E+06  -0.152301E+00  -0.155228E+00   0.907521E+04   0.576251E+06   0.578819E+06   0.576251E+06  -0.137660E-01   0.305654E+06   0.305620E+06   0.362055E-01
   0.311563E+00   0.566066E+06   0.563193E+06  -0.143733E+00  -0.146495E+00   0.861151E+04   0.563104E+06   0.565615E+06   0.563104E+06  -0.134520E-01   0.298681E+06   0.298649E+06   0.340473E-01
   0.316941E+00   0.553448E+06   0.550708E+06  -0.135804E+00  -0.138413E+00   0.817957E+04   0.550562E+06   0.553018E+06   0.550562E+06  -0.131524E-01   0.292028E+06   0.291998E+06   0.320681E-01
   0.322320E+00   0.541085E+06   0.538457E+06  -0.128378E+00  -0.130845E+00   0.777208E+04   0.538270E+06   0.540672E+06   0.538270E+06  -0.128587E-01   0.285509E+06   0.285479E+06   0.303824E-01
   0.327699E+00   0.528724E+06   0.526179E+06  -0.121363E+00  -0.123695E+00   0.738403E+04   0.525977E+06   0.528325E+06   0.525976E+06  -0.125650E-01   0.278988E+06   0.278960E+06   0.290302E-01
   0.333078E+00   0.516255E+06   0.513765E+06  -0.114705E+00  -0.116909E+00   0.701273E+04   0.513570E+06   0.515864E+06   0.513570E+06  -0.122686E-01   0.272408E+06   0.272380E+06   0.279803E-01
   0.338456E+00   0.503733E+06   0.501276E+06  -0.108394E+00  -0.110477E+00   0.665802E+04   0.501109E+06   0.503347E+06   0.501108E+06  -0.119710E-01   0.265798E+06   0.265771E+06   0.271514E-01
   0.343835E+00   0.491354E+06   0.488917E+06  -0.102448E+00  -0.104416E+00   0.632150E+04   0.488786E+06   0.490971E+06   0.488786E+06  -0.116766E-01   0.259263E+06   0.259235E+06   0.264397E-01
   0.349214E+00   0.479353E+06   0.476935E+06  -0.968900E-01  -0.987516E-01   0.600507E+04   0.476841E+06   0.478973E+06   0.476841E+06  -0.113912E-01   0.252927E+06   0.252900E+06   0.257474E-01
   0.354593E+00   0.467919E+06   0.465527E+06  -0.917311E-01  -0.934935E-01   0.570985E+04   0.465461E+06   0.467543E+06   0.465461E+06  -0.111194E-01   0.246891E+06   0.246864E+06   0.250027E-01
   0.359971E+00   0.457149E+06   0.454797E+06  -0.869617E-01  -0.886325E-01   0.543569E+04   0.454745E+06   0.456780E+06   0.454745E+06  -0.108634E-01   0.241207E+06   0.241181E+06   0.241716E-01
   0.365350E+00   0.447064E+06   0.444764E+06  -0.825582E-01  -0.841443E-01   0.518150E+04   0.444713E+06   0.446703E+06   0.444713E+06  -0.106237E-01   0.235886E+06   0.235860E+06   0.232582E-01
   0.370729E+00   0.437618E+06   0.435381E+06  -0.784866E-01  -0.799945E-01   0.494554E+04   0.435318E+06   0.437267E+06   0.435318E+06  -0.103993E-01   0.230903E+06   0.230878E+06   0.222962E-01
   0.376108E+00   0.428706E+06   0.426537E+06  -0.747056E-01  -0.761409E-01   0.472550E+04   0.426456E+06   0.428365E+06   0.426455E+06  -0.101876E-01   0.226202E+06   0.226178E+06   0.213342E-01
   0.381486E+00   0.420176E+06   0.418075E+06  -0.711700E-01  -0.725373E-01   0.451882E+04   0.417974E+06   0.419846E+06   0.417974E+06  -0.998495E-02   0.221703E+06   0.221680E+06   0.204208E-01
   0.386865E+00   0.411874E+06   0.409834E+06  -0.678382E-01  -0.691415E-01   0.432307E+04   0.409718E+06   0.411554E+06   0.409718E+06  -0.978773E-02   0.217324E+06   0.217302E+06   0.195918E-01
   0.392244E+00   0.403690E+06   0.401702E+06  -0.646798E-01  -0.659224E-01   0.413653E+04   0.401578E+06   0.403378E+06   0.401578E+06  -0.959329E-02   0.213007E+06   0.212985E+06   0.188648E-01
   0.397623E+00   0.395579E+06   0.393632E+06  -0.616775E-01  -0.628624E-01   0.395826E+04   0.393510E+06   0.395273E+06   0.393510E+06  -0.940053E-02   0.208727E+06   0.208706E+06   0.182376E-01
   0.403001E+00   0.387553E+06   0.385639E+06  -0.588240E-01  -0.599541E-01   0.378795E+04   0.385524E+06   0.387252E+06   0.385524E+06  -0.920976E-02   0.204492E+06   0.204470E+06   0.176921E-01
   0.408380E+00   0.379658E+06   0.377770E+06  -0.561176E-01  -0.571957E-01   0.362565E+04   0.377668E+06   0.379361E+06   0.377667E+06  -0.902208E-02   0.200324E+06   0.200303E+06   0.172009E-01
   0.413759E+00   0.371951E+06   0.370088E+06  -0.535583E-01  -0.545873E-01   0.347148E+04   0.369999E+06   0.371658E+06   0.369999E+06  -0.883888E-02   0.196257E+06   0.196236E+06   0.167351E-01
   0.419138E+00   0.364492E+06   0.362654E+06  -0.511458E-01  -0.521284E-01   0.332556E+04   0.362576E+06   0.364203E+06   0.362576E+06  -0.866157E-02   0.192320E+06   0.192300E+06   0.162712E-01
   0.424516E+00   0.357329E+06   0.355520E+06  -0.488783E-01  -0.498173E-01   0.318790E+04   0.355450E+06   0.357045E+06   0.355450E+06  -0.849133E-02   0.188540E+06   0.188520E+06   0.157954E-01
   0.429895E+00   0.350490E+06   0.348714E+06  -0.467508E-01  -0.476489E-01   0.305830E+04   0.348646E+06   0.350211E+06   0.348646E+06  -0.832880E-02   0.184931E+06   0.184912E+06   0.153047E-01
   0.435274E+00   0.343965E+06   0.342225E+06  -0.447537E-01  -0.456134E-01   0.293625E+04   0.342156E+06   0.343691E+06   0.342155E+06  -0.817374E-02   0.181489E+06   0.181469E+06   0.148050E-01
   0.440653E+00   0.337710E+06   0.336008E+06  -0.428740E-01  -0.436976E-01   0.282098E+04   0.335934E+06   0.337442E+06   0.335934E+06  -0.802511E-02   0.178189E+06   0.178170E+06   0.143077E-01
   0.446031E+00   0.331672E+06   0.330009E+06  -0.410983E-01  -0.418878E-01   0.271172E+04   0.329929E+06   0.331411E+06   0.329929E+06  -0.788166E-02   0.175003E+06   0.174985E+06   0.138262E-01
   0.451410E+00   0.325807E+06   0.324181E+06  -0.394155E-01  -0.401727E-01   0.260780E+04   0.324096E+06   0.325552E+06   0.324096E+06  -0.774232E-02   0.171910E+06   0.171892E+06   0.133719E-01
   0.456789E+00   0.320082E+06   0.318489E+06  -0.378164E-01  -0.385429E-01   0.250870E+04   0.318401E+06   0.319832E+06   0.318401E+06  -0.760627E-02   0.168889E+06   0.168871E+06   0.129519E-01
   0.462168E+00   0.314465E+06   0.312902E+06  -0.362932E-01  -0.369904E-01   0.241395E+04   0.312814E+06   0.314219E+06   0.312814E+06  -0.747279E-02   0.165925E+06   0.165908E+06   0.125674E-01
   0.467546E+00   0.308938E+06   0.307401E+06  -0.348398E-01  -0.355091E-01   0.232320E+04   0.307316E+06   0.308697E+06   0.307316E+06  -0.734145E-02   0.163009E+06   0.162992E+06   0.122148E-01
   0.472925E+00   0.303507E+06   0.301995E+06  -0.334533E-01  -0.340960E-01   0.223632E+04   0.301913E+06   0.303270E+06   0.301913E+06  -0.721238E-02   0.160143E+06   0.160126E+06   0.118872E-01
   0.478304E+00   0.298197E+06   0.296707E+06  -0.321330E-01  -0.327503E-01   0.215331E+04   0.296630E+06   0.297963E+06   0.296630E+06  -0.708618E-02   0.157341E+06   0.157324E+06   0.115765E-01
   0.483683E+00   0.293031E+06   0.291562E+06  -0.308779E-01  -0.314711E-01   0.207416E+04   0.291490E+06   0.292800E+06   0.291490E+06  -0.696339E-02   0.154615E+06   0.154598E+06   0.112754E-01
   0.489061E+00   0.288021E+06   0.286574E+06  -0.296861E-01  -0.302564E-01   0.199878E+04   0.286505E+06   0.287793E+06   0.286505E+06  -0.684431E-02   0.151971E+06   0.151955E+06   0.109782E-01
   0.494440E+00   0.283169E+06   0.281744E+06  -0.285545E-01  -0.291031E-01   0.192699E+04   0.281678E+06   0.282945E+06   0.281678E+06  -0.672900E-02   0.149410E+06   0.149395E+06   0.106826E-01
   0.499819E+00   0.278475E+06   0.277074E+06  -0.274801E-01  -0.280080E-01   0.185865E+04   0.277009E+06   0.278255E+06   0.277009E+06  -0.661745E-02   0.146934E+06   0.146918E+06   0.103886E-01
   0.505198E+00   0.273934E+06   0.272558E+06  -0.264596E-01  -0.269679E-01   0.179357E+04   0.272493E+06   0.273718E+06   0.272493E+06  -0.650956E-02   0.144538E+06   0.144523E+06   0.100987E-01
   0.510576E+00   0.269534E+06   0.268183E+06  -0.254890E-01  -0.259787E-01   0.173149E+04   0.268116E+06   0.269322E+06   0.268116E+06  -0.640501E-02   0.142217E+06   0.142202E+06   0.981626E-02
   0.515955E+00   0.265254E+06   0.263926E+06  -0.245641E-01  -0.250360E-01   0.167218E+04   0.263858E+06   0.265045E+06   0.263858E+06  -0.630329E-02   0.139958E+06   0.139944E+06   0.954454E-02
   0.521334E+00   0.261073E+06   0.259768E+06  -0.236807E-01  -0.241356E-01   0.161537E+04   0.259699E+06   0.260868E+06   0.259699E+06  -0.620394E-02   0.137752E+06   0.137738E+06   0.928581E-02
   0.526713E+00   0.256979E+06   0.255696E+06  -0.228357E-01  -0.232744E-01   0.156090E+04   0.255627E+06   0.256777E+06   0.255627E+06  -0.610666E-02   0.135592E+06   0.135578E+06   0.904109E-02
   0.532091E+00   0.252968E+06   0.251706E+06  -0.220272E-01  -0.224504E-01   0.150862E+04   0.251637E+06   0.252770E+06   0.251637E+06  -0.601135E-02   0.133476E+06   0.133462E+06   0.881000E-02
   0.537470E+00   0.249041E+06   0.247797E+06  -0.212534E-01  -0.216617E-01   0.145846E+04   0.247730E+06   0.248845E+06   0.247730E+06  -0.591802E-02   0.131404E+06   0.131390E+06   0.859097E-02
   0.542849E+00   0.245196E+06   0.243971E+06  -0.205128E-01  -0.209068E-01   0.141032E+04   0.243906E+06   0.245004E+06   0.243906E+06  -0.582666E-02   0.129375E+06   0.129362E+06   0.838168E-02
   0.548227E+00   0.241436E+06   0.240228E+06  -0.198038E-01  -0.201843E-01   0.136412E+04   0.240165E+06   0.241247E+06   0.240165E+06  -0.573730E-02   0.127391E+06   0.127378E+06   0.817976E-02
   0.553606E+00   0.237766E+06   0.236575E+06  -0.191257E-01  -0.194931E-01   0.131983E+04   0.236514E+06   0.237579E+06   0.236514E+06  -0.565007E-02   0.125454E+06   0.125441E+06   0.798326E-02
   0.558985E+00   0.234192E+06   0.233018E+06  -0.184774E-01  -0.188323E-01   0.127738E+04   0.232958E+06   0.234007E+06   0.232958E+06  -0.556513E-02   0.123568E+06   0.123555E+06   0.779099E-02
   0.564364E+00   0.230713E+06   0.229557E+06  -0.178577E-01  -0.182007E-01   0.123672E+04   0.229498E+06   0.230532E+06   0.229498E+06  -0.548247E-02   0.121733E+06   0.121720E+06   0.760247E-02
   0.569743E+00   0.227326E+06   0.226187E+06  -0.172649E-01  -0.175965E-01   0.119774E+04   0.226129E+06   0.227147E+06   0.226129E+06  -0.540198E-02   0.119946E+06   0.119933E+06   0.741788E-02
   0.575121E+00   0.224023E+06   0.222900E+06  -0.166973E-01  -0.170180E-01   0.116033E+04   0.222843E+06   0.223846E+06   0.222843E+06  -0.532348E-02   0.118203E+06   0.118190E+06   0.723782E-02
   0.580500E+00   0.220798E+06   0.219693E+06  -0.161534E-01  -0.164637E-01   0.112441E+04   0.219635E+06   0.220624E+06   0.219635E+06  -0.524685E-02   0.116501E+06   0.116489E+06   0.706313E-02
   0.580825E+00   0.220609E+06   0.219505E+06  -0.161215E-01  -0.164312E-01   0.112230E+04   0.219447E+06   0.220435E+06   0.219447E+06  -0.524236E-02   0.116402E+06   0.116389E+06   0.705216E-02
   0.604055E+00   0.207485E+06   0.206448E+06  -0.140188E-01  -0.142881E-01   0.982637E+03   0.206392E+06   0.207322E+06   0.206392E+06  -0.493050E-02   0.109477E+06   0.109466E+06   0.637220E-02
   0.628214E+00   0.195046E+06   0.194069E+06  -0.121843E-01  -0.124183E-01   0.859692E+03   0.194018E+06   0.194892E+06   0.194018E+06  -0.463488E-02   0.102913E+06   0.102903E+06   0.576585E-02
   0.653340E+00   0.183353E+06   0.182436E+06  -0.105899E-01  -0.107933E-01   0.751939E+03   0.182386E+06   0.183209E+06   0.182386E+06  -0.435701E-02   0.967437E+05   0.967335E+05   0.520740E-02
   0.818533E+00   0.127975E+06   0.127335E+06  -0.470920E-02  -0.479966E-02   0.345148E+03   0.127299E+06   0.127874E+06   0.127299E+06  -0.304105E-02   0.675241E+05   0.675170E+05   0.289905E-02
   0.102549E+01   0.887826E+05   0.883389E+05  -0.208144E-02  -0.212143E-02   0.156361E+03   0.883138E+05   0.887129E+05   0.883138E+05  -0.210972E-02   0.468448E+05   0.468399E+05   0.160393E-02
   0.128479E+01   0.612574E+05   0.609513E+05  -0.914970E-03  -0.932545E-03   0.700376E+02   0.609338E+05   0.612093E+05   0.609338E+05  -0.145564E-02   0.323215E+05   0.323181E+05   0.882427E-03
   0.160964E+01   0.420583E+05   0.418482E+05  -0.400230E-03  -0.407917E-03   0.310693E+02   0.418360E+05   0.420253E+05   0.418360E+05  -0.999418E-03   0.221914E+05   0.221891E+05   0.482948E-03
   0.201662E+01   0.287489E+05   0.286053E+05  -0.174296E-03  -0.177644E-03   0.136700E+02   0.285970E+05   0.287264E+05   0.285970E+05  -0.683151E-03   0.151689E+05   0.151673E+05   0.263005E-03
   0.252652E+01   0.195725E+05   0.194747E+05  -0.755995E-04  -0.770516E-04   0.597290E+01   0.194690E+05   0.195571E+05   0.194690E+05  -0.465094E-03   0.103271E+05   0.103260E+05   0.142527E-03
   0.316533E+01   0.132767E+05   0.132104E+05  -0.326716E-04  -0.332991E-04   0.259459E+01   0.132065E+05   0.132663E+05   0.132065E+05  -0.315490E-03   0.700524E+04   0.700451E+04   0.768477E-04
   0.396567E+01   0.897626E+04   0.893146E+04  -0.140728E-04  -0.143431E-04   0.112153E+01   0.892880E+04   0.896922E+04   0.892880E+04  -0.213300E-03   0.473618E+04   0.473569E+04   0.412033E-04
   0.496836E+01   0.605046E+04   0.602027E+04  -0.604337E-05  -0.615945E-05   0.482768E+00   0.601847E+04   0.604571E+04   0.601847E+04  -0.143775E-03   0.319243E+04   0.319210E+04   0.219449E-04
   0.622459E+01   0.406708E+04   0.404679E+04  -0.258808E-05  -0.263779E-05   0.207073E+00   0.404557E+04   0.406389E+04   0.404557E+04  -0.966445E-04   0.214593E+04   0.214571E+04   0.115875E-04
   0.779844E+01   0.272694E+04   0.271335E+04  -0.110554E-05  -0.112678E-05   0.885464E-01   0.271252E+04   0.272481E+04   0.271252E+04  -0.647994E-04   0.143883E+04   0.143869E+04   0.604501E-05
